distortion:
- 6.448054405011019
- 121.00485173010846
- -0.0015948187662916233
- -0.0008617798020969879
- 12.910519721312518
- 6.842373463219458
- 123.86022141875618
- 62.03548223322881
- 0.0
- 0.0
- 0.0
- 0.0
- 0.0
- 0.0
height: 1080
intrinsic:
- - 1867.5890892678021
  - 0.0
  - 921.6359618125498
- - 0.0
  - 1866.9053176508883
  - 584.4281274072349
- - 0.0
  - 0.0
  - 1.0
meta:
  calibrate_date: '2023-06-13'
  cam_type: AX_720
  dir_name: 2023-06-13-10-53-12
  focal_length: 6.0
  reproj_err: 0.1860972144499226
  vehicle: bus
undistort_height: 1080
undistort_intrinsic:
- - 1867.5890892678021
  - 0.0
  - 959.5
- - 0.0
  - 1866.9053176508883
  - 539.5
- - 0.0
  - 0.0
  - 1.0
undistort_width: 1920
width: 1920
