intrinsic:
- [1463.1887235131180, 0.0, 930.06369927748381]
- [0.0, 1462.9860405817967, 481.64944232730574]
- [0.0, 0.0, 1.0]
meta:
  calibration_date: 2023-03-08
  cam_type: MET-611BEV
  vehicle: A12-1950
distortion: 
- [3.6790691260073891, 0.56024618101271395, 0.000029578301760834392, 0.000018976828996932809, -0.0091014135195192549,4.8930843717867001, 3.0002268960089866,0.0]
weight: 1824
hight: 944
