distortion:
- 14.23191402697758
- 13.35471561776512
- 0.0003856671911666913
- -0.00002716917387627506
- 1.533884393881034
- 14.92654012185822
- 22.26740416463808
- 7.298974197142029
- 0.0
- 0.0
- 0.0
- 0.0
- 0.0
- 0.0
height: 2160
intrinsic:
- - 2426.282937336963
  - 0.0
  - 1917.514609715703
- - 0.0
  - 2426.455852211463
  - 1081.604494000352
- - 0.0
  - 0.0
  - 1.0
meta:
  calibration_date: '2023-03-22'
  cam_type: SY_X8B
  dir_name: 2023-03-22-16-26-57
  focal_length: 5.07
  reproj_err: 0.30008009468563496
  vehicle: new_GS4
undistort_height: 2400
undistort_intrinsic:
- - 2426.282937336963
  - 0.0
  - 3599.5
- - 0.0
  - 2426.455852211463
  - 1199.5
- - 0.0
  - 0.0
  - 1.0
undistort_width: 7200
width: 3840
