height: 1536
intrinsic: [456.69167635485027, 454.0111078539467, 954.4358569246133, 777.1769692242623, 0.06472201491608894, 0.5182917773704573]
meta:
  calibration_date: '2023-05-04'
  cam_type: front
  vehicle: new_GS4

width: 1920
