height: 1536
intrinsic: [455.0490843076345, 452.21881163444837, 952.5224890845584, 766.4999104701003, -0.04185567262089793, 0.5074244649327627]
meta:
  calibration_date: '2023-05-04'
  cam_type: left
  vehicle: new_GS4

width: 1920
