height: 1536
intrinsic: [466.1256678740453, 461.7667158538485, 972.2188130343299, 770.6749230587565, -0.06271442939676478, 0.5342134643976552]
meta:
  calibration_date: '2023-05-04'
  cam_type: rear
  vehicle: new_GS4

width: 1920
