height: 1536
intrinsic: [461.21728932729948, 460.3128975575874, 962.0662205691899, 772.5749055287222, -0.054994411390913659, 0.5138885789925513]
meta:
  calibration_date: '2023-05-04'
  cam_type: right
  vehicle: new_GS4

width: 1920
