distortion:
- 2.0933764526491014
- 5.568712063619987
- 0.00043737830073393167
- 0.00018607123629768167
- 0.5971004051487357
- 2.6362252777343604
- 6.74495356992472
- 3.278409309940983
- 0.0
- 0.0
- 0.0
- 0.0
- 0.0
- 0.0
height: 1080
intrinsic:
- - 1331.1682197008902
  - 0.0
  - 935.3128916941266
- - 0.0
  - 1330.1808101840259
  - 541.7012197822246
- - 0.0
  - 0.0
  - 1.0
meta:
  calibrate_date: '2023-04-18'
  cam_type: MET_665
  dir_name: 2023-04-18-18-18-38
  focal_length: 4.0
  reproj_err: 0.2531289682352147
  vehicle: taiguo
undistort_height: 1184
undistort_intrinsic:
- - 1331.1682197008902
  - 0.0
  - 1455.5
- - 0.0
  - 1330.1808101840259
  - 591.5
- - 0.0
  - 0.0
  - 1.0
undistort_width: 2912
width: 1920
