intrinsic:
- [1193.879766158605, 0.0, 933.3993348426328]
- [0.0, 1193.8787711429172,531.9633743834773]
- [0.0, 0.0, 1.0]
undistort_intrinsic: 
meta:
  calibration_date: 2023-03-21
  cam_type: IF-623
  vehicle: GS4-L077
distortion: [0.045702985160972286, -0.3760827746859678, -0.00016867052268984748, -4.8675547371267436e-05, -0.027410068964475738, 0.47277795201487893, -0.4667519194517572, -0.13780796797687658]
width: 1920
height: 1020
undistort_width: 0
undistort_height: 0
