intrinsic:
- [3616.6664656, 0.0, 971.516269]
- [0.0, 3618.1408017, 512.492545]
- [0.0, 0.0, 1.0]
undistort_intrinsic: 
meta:
  calibration_date: 2023-03-21
  cam_type: IF-622
  vehicle: GS4-L077
distortion: [-3.86709300257675, -17.52710241890513, 0.000681281596864, 0.0002672567356, 0.1982837265, -3.6997513368, -18.51269263, -3.3541524687]
width: 1920
height: 1020
undistort_width: 0
undistort_height: 0
