intrinsic:
- [1009.7754512031069, 0.0, 944.3998320779672]
- [0.0, 1009.1769149086155, 514.4240236366529]
- [0.0, 0.0, 1.0]
undistort_intrinsic: 
meta:
  calibration_date: 2023-03-21
  cam_type: IF-624
  vehicle: GS4-L077
distortion: [1.5759687492442607, 0.38999133821011556, -0.00018202921269778688, -0.000150952643179778, 0.010936842002587507, 1.97323556113878, 0.9007685297671101, 0.0751679294468082]
width: 1920
height: 1020
undistort_width: 0
undistort_height: 0
