intrinsic:
- [1463.0947011950427, 0.0,  926.72498312831021]
- [0.0, 1462.7056941965736, 471.21239675957662]
- [0.0, 0.0, 1.0]
undistort_intrinsic:
- [1463.0947011950427, 0.0,  1760]
- [0.0, 1462.7056941965736,  540]
- [0.0, 0.0, 1.0]
meta:
  calibration_date: 2023-03-09
  cam_type: MET-610
  vehicle: GS4-L077
distortion: [1.5326651089157046, -0.25539847568041951, -0.000091218196754103969, -0.00013735400756691439, 0.062711478129085896, 2.6338313500045629, 0.33174564171813348, 0.0]
width: 1824
height: 944
undistort_width: 3520
undistort_height: 1080
