intrinsic:
- [1320.6518944517975, 0.0, 939.67440898369409]
- [0.0, 1320.9299853347468, 546.65418913317296]
- [0.0, 0.0, 1.0]
undistort_intrinsic: 
- [1320.6518944517975, 0.000000, 1456.000000]
- [0.000000, 1320.9299853347468, 592.000000]
- [0.000000 ,0.000000, 1.000000]
meta:
  calibration_date: 2023-04-04
  cam_type: MET-665
  vehicle: XJ3_0933
distortion:
- [-0.1321043955100921, -0.10946741299357944, 0.00014318468646357102, 0.00014410826625465986, 0.0074251568824223986, 0.42573642665110273, -0.29886770628251469, 0.0]
width: 1920
height: 1080
undistort_width: 2912
undistort_height: 1184
