intrinsic:
- [1317.908115099552, 0.0, 933.0646602860838]
- [0.0, 1317.9632491811283, 535.6035942370662]
- [0.0, 0.0, 1.0]
undistort_intrinsic: 
- [1317.908115099552, 0.000000, 1455.500000]
- [0.000000, 1317.9632491811283, 591.500000]
- [0.0, 0.0, 1.0]
meta:
  calibration_date: 2023-05-04
  cam_type: MET-665
  vehicle: HS5-V701
distortion: [-0.199198323, 0.08536355743165748, 6.79732945272754e-05,5.961414255065788e-05,0.03876970243493246,0.35745020572327524,-0.13866685540404844,0.141586534049574]
width: 1920
height: 1080
undistort_width: 2912
undistort_height: 1184
