intrinsic:
- [1317.7387926520898, 0.0,  938.84533248661899]
- [0.0, 1317.3792228487034,  541.56198176269845]
- [0.0, 0.0, 1.0]

meta:
  calibration_date: 2023-03-08
  cam_type: MET-665
  vehicle: GL8-C801
  
distortion: 
- [0.78716207803730209, 0.083962294438597943, -0.000045610428776864571, 0.000052055052329701684, -0.0033614706861095733, 1.3446631623202838, 0.40082382619496970, 0.0]
widht: 1920
height: 1080
