intrinsic:
- [1324.179056326591, 0.0,  960]
- [0.0, 1325.485965247088,  540]
- [0.0, 0.0, 1.0]
undistort_intrinsic:
- [1324.179056326591, 0.000000, 1535.5]
- [0.000000, 1325.485965247088, 591.5]
- [0.0, 0.0, 1.0]
meta:
  calibration_date: 2022-01-25
  cam_type: MET-X3V
  vehicle: GL8-C801
  
distortion: [-0.30814054647865069, -0.14193796691154312, 0.0059947282326736594, -0.0010280458653780435, 0.0087524814308472098, 0.25474335750048460, -0.43079675494321723, 0.0]
width: 1920
height: 1080
undistort_width: 3072
undistort_height: 1184
