intrinsic:
- [1318.1811863328799, 0.0,  938.51977988055762]
- [0.0, 1318.7133468101615, 539.61149955988969]
- [0.0, 0.0, 1.0]
undistort_intrinsic: 
- [1318.1811863328799, 0.000000, 1456.000000]
- [0.000000, 1318.7133468101615, 592.000000]
- [0.0, 0.0, 1.0]
meta:
  calibration_date: 2022-08-22
  cam_type: MET-665
  vehicle: MG-521T
distortion: [0.41922447853478872, 0.012253067446561282, -0.00024742717271577212, 0.00004684488528373503, 0.000053704223097073272, 0.97359648801539433, 0.12886516428892481, 0.0]
width: 1920
height: 1080
undistort_width: 2912
undistort_height: 1184
