intrinsic:
- [1317, 0.0,  936.92720738439050]
- [0.0, 1317, 543.16168502371352]
- [0.0, 0.0, 1.0]
undistort_intrinsic: 
- [1317.000000, 0.000000, 1456.000000]
- [0.000000, 1317.000000, 592.000000]
- [0.0, 0.0, 1.0]
meta:
  calibration_date: 2022-08-08
  cam_type: MET-665
  vehicle: newHS5-5835
distortion:
- [0.10081427698657988, -0.059181589541843736, -0.00022202307682907938, 0.000078330175724853726, 0.0043062386144372168, 0.65334708630346194, -0.11941531991710572, 0.0]
width: 1920
height: 1080
undistort_width: 2912
undistort_height: 1184
