intrinsic:
- [1322, 0.0,  938.45665548921625]
- [0.0, 1322, 540.16202046884735]
- [0.0, 0.0, 1.0]
meta:
  calibration_date: 2022-11-02
  cam_type: MET-665
  vehicle: HS5-V701
distortion:
- [0.55520566628137946, 0.037064122861492299, -0.0001126839149458591, 0.000061387668125908291, -0.00092102583492638791, 1.1146366949478086, 0.22764755382402735, 0.0]
widht: 1920
height: 1080
