intrinsic:
- [1319.324712, 0.0,  953.212036]
- [0.0, 1316.900700, 587.882092]
- [0.0, 0.0, 1.0]
meta:
  calibration_date: 2022-07-15
  cam_type: MET-X3V
  vehicle: GS4-L077
distortion:
- [0.413824, 0.007719, -0.000206, 0.000026, 0.000366, 0.972805, 0.119570, 0.0]
widht: 1920
height: 1080
