intrinsic:
- [1318.069946, 0.0, 936.633972]
- [0.0, 1317.760010, 536.080994]
- [0.0, 0.0, 1.0]
undistort_intrinsic: 
- [1318.069946, 0.000000, 1456.000000]
- [0.000000, 1317.760010, 592.000000]
- [0.0, 0.0, 1.0]
meta:
  calibration_date: 2023-03-24
  cam_type: MET-665
  vehicle: AEB_033
distortion: [0.456040,0.013906,0.000108,-0.000014,0.000521,1.015530,0.148308,0.0]
width: 1920
height: 1080
undistort_width: 2912
undistort_height: 1184
