intrinsic:
- [1465.07, 0.0,  915.845]
- [0.0, 1464.78,  480.396]
- [0.0, 0.0, 1.0]
meta:
  calibration_date: 2022-06-14
  cam_type: MET-600
  vehicle: GS4-L077
distortion:
- [5.79945, 1.67957, 0.000174645, 0.000061387668125908291, -0.133188, 7.10773, 6.13385, 0.0]
widht: 1824
height: 944
