distortion:
- 10.000965151945467
- 3.9291914291407277
- -0.0002178059218073478
- 2.112336452966414e-05
- 0.005888017349908051
- 10.691391025253669
- 10.132638262261644
- 0.8152229084383604
- 0.0
- 0.0
- 0.0
- 0.0
- 0.0
- 0.0
height: 2160
intrinsic:
- - 2437.5583200479473
  - 0.0
  - 1921.3159953935146
- - 0.0
  - 2435.9003296442743
  - 1088.3788254220392
- - 0.0
  - 0.0
  - 1.0
meta:
  calibrate_date: '2023-06-07'
  cam_type: 0606-2_senyun_neican
  dir_name: 2023-06-07-10-09-32
  focal_length: 5.07
  reproj_err: 0.49565266655426765
  vehicle: HS5
undistort_height: 2160
undistort_intrinsic:
- - 2437.5583200479473
  - 0.0
  - 1919.5
- - 0.0
  - 2435.9003296442743
  - 1079.5
- - 0.0
  - 0.0
  - 1.0
undistort_width: 3840
width: 3840
