distortion:
- 2.7915920800281673
- 0.2325430038523537
- 9.439173840558158e-05
- 0.00015494335273350373
- 0.0193763384603976
- 3.950746651824471
- 1.9066403495653699
- 0.0
- 0.0
- 0.0
- 0.0
- 0.0
- 0.0
- 0.0
height: 944
intrinsic:
- - 1454.272220071105
  - 0.0
  - 928.1658785666249
- - 0.0
  - 1454.272220071105
  - 476.79717420753076
- - 0.0
  - 0.0
  - 1.0
meta:
  calibration_date: '2023-04-28'
  cam_type: MET_611
  dir_name: 2023-04-19-10-42-02
  focal_length: 6.2
  reproj_err: 0.20647943093629095
  vehicle: HS5
undistort_height: 1080
undistort_intrinsic:
- - 1454.272220071105
  - 0.0
  - 1759.5
- - 0.0
  - 1454.272220071105
  - 539.5
- - 0.0
  - 0.0
  - 1.0
undistort_width: 3520
width: 1824
